   1    2   14.5024      4.2243
   1    3   12.7995      5.5248
   1    4   14.9625      2.6166
   1    5    5.9203     10.2668
   1    6   16.4503      0.1417
   1    7    8.2167      2.5265
   1    8   16.5425      4.4638
   1    9   14.9135      0.3039
   1   10   11.9339      0.0560
   1   11   23.0657      1.2411
   1   12   19.8955      0.1895
   1   13   16.9179      0.3369
   1   14   11.5469      0.0875
   1   15   19.6157      0.0326
   1   16   26.4786      0.0019
   1   17   29.5660      0.0004
   1   18   34.2411      0.0003
   1   19   37.0580      0.0003
   1   20   40.3859      0.0002
   1   21   21.7022      0.1447
   1   22   21.7749      1.4911
   1   23   15.4058      3.7172
   1   24   27.2137      0.8371
   1   25   21.5355      2.0605
   1   26   26.1487      2.2069
   1   27   27.4535      0.4277
   1   28   32.6277      0.0688
   1   29   31.2089      0.4226
   1   30   30.5496      1.9097
   1   31   23.3079      2.0104
   1   32   22.1437      3.0904
   1   33   29.7190      0.1096
   1   34   41.5114      0.0416
   1   35   34.8688      0.0948
   1   36   35.1075      0.1584
   1   37   28.6722      0.3321
   1   38   26.6624      0.0660
   1   39   19.6347      1.8170
   1   40   27.7051      0.4845
   2    3    8.8940      0.1301
   2    4   18.8353      1.8374
   2    5   12.3278      9.7418
   2    6   23.1469      0.2577
   2    7   21.8292      0.0588
   2    8   17.8866      6.8444
   2    9   26.4633      2.4213
   2   10   22.3740      1.0891
   2   11   17.6696      8.6064
   2   12   24.5136      0.5066
   2   13    9.7500     17.3833
   2   14   18.7067      0.2621
   2   15   31.7155      0.2945
   2   16   38.6452      0.1214
   2   17   41.7408      0.0027
   2   18   46.0772      0.0024
   2   19   48.8213      0.0010
   2   20   52.4376      0.0006
   2   21   23.1912      0.0022
   2   22   22.3852      0.0204
   2   23   17.3072      0.1820
   2   24   22.1351      0.0078
   2   25   14.6087      0.0341
   2   26   20.6471      0.0296
   2   27   28.6328      0.0483
   2   28   37.3260      0.0065
   2   29   32.3180      0.0332
   2   30   27.0132      0.0218
   2   31   24.3361      0.0690
   2   32   20.2331      0.5305
   2   33   30.2307      1.2865
   2   34   38.4737      0.0451
   2   35   29.7200      0.0391
   2   36   33.4758      0.0966
   2   37   26.2820      0.1802
   2   38   25.0793      0.2021
   2   39   16.1079      1.0400
   2   40   20.5489      0.0530
   3    4   22.3608      5.3001
   3    5    7.5348     12.7935
   3    6   15.9108      1.0904
   3    7   17.8161      0.0312
   3    8   17.6324      3.8146
   3    9   23.6433      0.0590
   3   10   22.7908      0.2724
   3   11   21.2949      1.6096
   3   12   26.8245      3.7774
   3   13   17.1114      3.4014
   3   14   21.9246      0.7497
   3   15   32.3205      0.0635
   3   16   39.2091      0.0046
   3   17   42.0101      0.0009
   3   18   46.5107      0.0010
   3   19   49.2583      0.0016
   3   20   52.6342      0.0010
   3   21   14.6073      0.0030
   3   22   13.8482      0.0383
   3   23   11.6689      3.6834
   3   24   15.5660      0.0115
   3   25   11.6341      0.0328
   3   26   19.3090      0.0327
   3   27   22.3475      0.0487
   3   28   30.6623      0.0111
   3   29   26.5156      0.0413
   3   30   20.9447      0.0306
   3   31   17.4791      0.0888
   3   32   20.2846      1.1383
   3   33   34.3006      0.1604
   3   34   44.2678      0.0289
   3   35   36.7936      0.0331
   3   36   39.3015      0.3003
   3   37   30.9491      0.1780
   3   38   31.3897      0.1387
   3   39   20.5810      0.2664
   3   40   24.5690      0.0110
   4    5   18.9597      4.9382
   4    6   31.1900      0.0324
   4    7   21.4593      1.3622
   4    8   28.1353      0.0924
   4    9   27.3722      0.4132
   4   10   20.0922      1.0859
   4   11   30.5800      0.0659
   4   12   26.9507      0.1399
   4   13   19.2513      0.8857
   4   14   10.6668      4.1547
   4   15   18.8879      1.2991
   4   16   26.0282      0.2800
   4   17   31.3633      0.0783
   4   18   35.8838      0.0328
   4   19   38.2752      0.0022
   4   20   40.9740      0.0005
   4   21   34.5812      0.0042
   4   22   32.0546      0.1064
   4   23   21.3299      0.5872
   4   24   35.8543      0.0338
   4   25   25.3920      0.0924
   4   26   25.6859      0.0294
   4   27   32.2577      0.0149
   4   28   37.3597      0.0021
   4   29   34.7078      0.0114
   4   30   36.5398      0.0744
   4   31   29.6835      0.0516
   4   32   17.9680      0.0384
   4   33   15.4956      1.0304
   4   34   27.1821      0.5256
   4   35   21.7844      2.4717
   4   36   20.4140      0.6176
   4   37   15.5713      3.9972
   4   38   12.6872      2.0945
   4   39   10.5015      4.8375
   4   40   20.2755      0.0194
   5    6   12.9987      1.4896
   5    7   10.4598      0.6168
   5    8   15.7139      3.1861
   5    9   17.1416      1.0180
   5   10   16.4400      1.8099
   5   11   22.1180      2.3574
   5   12   22.6697      1.8612
   5   13   17.4543      1.1124
   5   14   16.8270      3.2860
   5   15   25.4018      0.6759
   5   16   32.1294      0.0189
   5   17   34.8678      0.0019
   5   18   39.4487      0.0033
   5   19   42.2308      0.0129
   5   20   45.5457      0.0098
   5   21   16.3085      0.0024
   5   22   16.4797      0.0350
   5   23   12.2102      0.0924
   5   24   21.4947      0.0165
   5   25   17.3312      0.0535
   5   26   23.3048      0.0572
   5   27   24.0021      0.0227
   5   28   30.2582      0.0036
   5   29   28.1032      0.0178
   5   30   25.6483      0.0333
   5   31   19.3525      0.0500
   5   32   21.4260      0.6988
   5   33   32.6853      0.1278
   5   34   44.0363      0.4666
   5   35   37.1087      0.5258
   5   36   38.2129      0.1640
   5   37   30.6829      0.8986
   5   38   29.9598      0.2563
   5   39   20.7900      0.3421
   5   40   27.2261      0.0824
   6    7   12.9486      0.0276
   6    8   17.1029      0.1286
   6    9   15.5398      0.0246
   6   10   21.4704      0.8825
   6   11   26.2082      0.0255
   6   12   26.2952      0.0514
   6   13   27.3212      1.6915
   6   14   26.9348      0.0335
   6   15   31.8248      0.0099
   6   16   36.9763      0.0015
   6   17   37.8700      0.0004
   6   18   41.8973      0.0003
   6   19   44.5373      0.0004
   6   20   47.7585      0.0003
   6   21   10.4875      0.3044
   6   22   15.9320      0.1929
   6   23   19.9766      0.0225
   6   24   22.4843      0.0224
   6   25   25.3451      0.0231
   6   26   32.3242      0.0227
   6   27   27.4220      0.0226
   6   28   31.5399      0.1077
   6   29   31.6958      0.0168
   6   30   28.2176      0.0200
   6   31   22.7883      0.0224
   6   32   32.3564      0.0291
   6   33   45.0737      0.0124
   6   34   56.8843      0.0123
   6   35   50.0369      0.0238
   6   36   50.9869      0.0186
   6   37   43.4152      0.0233
   6   38   42.6823      0.0203
   6   39   33.6268      0.0318
   6   40   39.2489      0.0077
   7    8   17.9955      0.5276
   7    9    9.4264      0.1140
   7   10   11.8718      5.7596
   7   11   27.0086      0.0396
   7   12   20.9861      2.4865
   7   13   23.8012      0.0621
   7   14   16.5923      2.5690
   7   15   18.9943      0.0488
   7   16   24.5979      0.0171
   7   17   26.5824      0.0088
   7   18   31.1338      0.0073
   7   19   33.9327      0.0021
   7   20   37.0859      0.0007
   7   21   21.0025      0.0031
   7   22   22.6007      0.0113
   7   23   19.0385      0.0223
   7   24   29.9144      0.0110
   7   25   27.0155      0.0170
   7   26   31.8297      0.0217
   7   27   29.1781      0.0151
   7   28   32.2094      0.0075
   7   29   32.9455      0.0151
   7   30   33.2932      0.0132
   7   31   25.1872      0.0159
   7   32   28.1351      0.0238
   7   33   35.8679      0.0357
   7   34   48.4207      0.0275
   7   35   42.4600      0.4025
   7   36   41.8295      0.0574
   7   37   35.6804      0.1035
   7   38   33.7096      0.1593
   7   39   27.2457      0.0740
   7   40   35.1790      0.0954
   8    9   15.3981      9.0486
   8   10   15.2012      5.1252
   8   11   10.3969      0.1235
   8   12   12.6170      6.8738
   8   13   15.6201      6.1308
   8   14   20.4549      2.6623
   8   15   29.9986      1.7103
   8   16   34.7723      0.0058
   8   17   34.9910      0.0015
   8   18   38.4622      0.0023
   8   19   41.3440      0.0081
   8   20   45.6339      0.0094
   8   21   23.0688      0.0042
   8   22   27.7151      0.0640
   8   23   27.4550      0.6152
   8   24   30.0389      0.0197
   8   25   28.9886      0.0905
   8   26   36.4454      0.0729
   8   27   38.5829      0.2266
   8   28   44.9637      0.0194
   8   29   42.8995      0.2766
   8   30   37.5616      0.0432
   8   31   33.5803      0.1736
   8   32   35.4163      0.1236
   8   33   43.0610      0.1079
   8   34   52.5192      0.3875
   8   35   43.4137      0.0284
   8   36   46.1339      0.1462
   8   37   40.9220      0.1451
   8   38   36.5326      0.0556
   8   39   31.2712      0.0817
   8   40   37.9014      0.0115
   9   10    9.6766      7.7882
   9   11   25.1739      0.3519
   9   12   15.7540      0.2192
   9   13   25.5138      0.5674
   9   14   19.1686      0.1832
   9   15   20.4166      0.5588
   9   16   23.8703      0.0046
   9   17   23.4642      0.0033
   9   18   27.2160      0.0026
   9   19   30.1559      0.0094
   9   20   33.9655      0.0098
   9   21   25.5041      0.0040
   9   22   29.4187      0.0100
   9   23   27.7676      0.0234
   9   24   35.9097      0.0089
   9   25   34.3880      0.0236
   9   26   40.1417      0.0301
   9   27   37.9430      0.0110
   9   28   40.8737      0.0037
   9   29   41.8746      0.0098
   9   30   40.9158      0.0130
   9   31   33.6698      0.0137
   9   32   36.7310      0.0349
   9   33   42.5313      0.0217
   9   34   54.3875      0.0249
   9   35   47.5100      0.0602
   9   36   47.3314      0.0249
   9   37   42.5100      0.1133
   9   38   38.5173      0.0389
   9   39   34.1343      0.0859
   9   40   42.4927      0.0213
  10   11   22.1535      2.5699
  10   12   10.7810      6.4037
  10   13   19.1567      2.8508
  10   14   10.3131      0.1009
  10   15   15.0240      0.0465
  10   16   19.7073      0.0016
  10   17   20.8264      0.0003
  10   18   24.9615      0.0003
  10   19   28.0716      0.0003
  10   20   32.2184      0.0002
  10   21   29.8129      0.0082
  10   22   32.1434      0.0216
  10   23   27.2714      0.0478
  10   24   37.4863      0.0135
  10   25   32.8392      0.0436
  10   26   37.7023      0.0448
  10   27   39.0117      0.0179
  10   28   43.0743      0.0038
  10   29   42.7501      0.0157
  10   30   42.0187      0.0308
  10   31   34.8510      0.0292
  10   32   32.9967      0.0531
  10   33   35.3088      0.0255
  10   34   46.2931      0.0235
  10   35   39.0827      0.0316
  10   36   39.0133      0.0244
  10   37   35.4346      0.0927
  10   38   29.9519      0.0348
  10   39   27.8692      0.1102
  10   40   36.9704      0.0121
  11   12   16.1304      0.7405
  11   13   12.5011      8.6257
  11   14   23.9716      1.0273
  11   15   36.0958      0.1141
  11   16   40.9741      0.0092
  11   17   41.4988      0.0014
  11   18   44.6764      0.0012
  11   19   47.4487      0.0008
  11   20   51.9115      0.0008
  11   21   29.5602      0.0022
  11   22   33.3231      0.0189
  11   23   32.3724      0.4128
  11   24   32.8510      0.0086
  11   25   30.6535      0.0532
  11   26   37.9409      0.0391
  11   27   43.6166      0.1163
  11   28   51.4510      0.0232
  11   29   47.7807      0.1267
  11   30   40.8392      0.0164
  11   31   38.6989      0.0602
  11   32   37.6576      0.0997
  11   33   43.9418      0.0595
  11   34   50.9875      0.0207
  11   35   40.6737      0.0107
  11   36   45.1829      0.0241
  11   37   40.8521      0.0303
  11   38   35.6449      0.0231
  11   39   31.7374      0.0416
  11   40   37.0669      0.0063
  12   13   17.9529      0.0548
  12   14   16.6497      0.4612
  12   15   23.8742      0.0405
  12   16   26.9432      0.0115
  12   17   26.3694      0.0025
  12   18   29.1478      0.0086
  12   19   32.0637      0.0127
  12   20   36.7875      0.0144
  12   21   34.1051      0.0070
  12   22   37.8269      0.0310
  12   23   34.5379      0.0932
  12   24   41.2209      0.0111
  12   25   37.5201      0.0468
  12   26   43.4620      0.0469
  12   27   46.6112      0.0310
  12   28   51.9264      0.0047
  12   29   50.6226      0.0255
  12   30   47.5222      0.0318
  12   31   41.9986      0.0571
  12   32   39.9323      0.0833
  12   33   41.6818      0.0216
  12   34   50.6174      0.0184
  12   35   41.7840      0.0126
  12   36   43.4760      0.0163
  12   37   40.9667      0.0365
  12   38   33.8571      0.0197
  12   39   33.2413      0.0388
  12   40   41.5993      0.0056
  13   14   15.4232      7.7738
  13   15   29.5040      3.0383
  13   16   35.5523      0.0398
  13   17   37.9728      0.0014
  13   18   41.7936      0.0011
  13   19   44.5342      0.0004
  13   20   48.5753      0.0002
  13   21   30.1022      0.0037
  13   22   30.9198      0.0332
  13   23   25.6973      0.1973
  13   24   31.1732      0.0124
  13   25   24.3035      0.1698
  13   26   29.5975      0.0698
  13   27   37.7288      0.9409
  13   28   45.6648      0.0211
  13   29   41.4112      0.4293
  13   30   36.6896      0.0351
  13   31   33.3936      0.2598
  13   32   27.4541      0.2965
  13   33   31.5934      0.1091
  13   34   38.6483      0.0255
  13   35   28.6568      0.0162
  13   36   32.8311      0.0398
  13   37   28.4518      0.0283
  13   38   23.3802      0.0333
  13   39   19.8224      0.0552
  13   40   25.9694      0.0071
  14   15   14.2710      0.1104
  14   16   20.7979      0.0042
  14   17   24.5089      0.0007
  14   18   28.8475      0.0005
  14   19   31.5900      0.0002
  14   20   35.1987      0.0001
  14   21   32.8743      0.0043
  14   22   32.9202      0.0529
  14   23   24.8452      0.0892
  14   24   37.2266      0.0249
  14   25   29.3283      0.0764
  14   26   32.4241      0.0466
  14   27   36.9995      0.0231
  14   28   41.9328      0.0030
  14   29   40.2564      0.0184
  14   30   40.3268      0.0784
  14   31   33.3746      0.0551
  14   32   26.3643      0.0879
  14   33   25.5338      0.8560
  14   34   36.0280      0.6495
  14   35   28.9733      1.0077
  14   36   28.7481      0.7868
  14   37   25.6460      2.6725
  14   38   19.6691      1.2902
  14   39   19.1694      1.1770
  14   40   28.7553      0.0147
  15   16    7.8654      0.0041
  15   17   13.7062      0.0017
  15   18   18.4506      0.0008
  15   19   21.0250      0.0003
  15   20   23.7349      0.0002
  15   21   39.5504      0.0032
  15   22   39.6139      0.0094
  15   23   31.6823      0.0149
  15   24   46.3322      0.0103
  15   25   39.3920      0.0203
  15   26   41.2982      0.0141
  15   27   41.8956      0.0052
  15   28   43.4377      0.0014
  15   29   44.5906      0.0046
  15   30   48.0155      0.0109
  15   31   39.1283      0.0080
  15   32   33.8806      0.0138
  15   33   30.1267      0.0106
  15   34   41.9691      0.0063
  15   35   38.0130      0.0128
  15   36   34.5706      0.0080
  15   37   32.9712      0.0227
  15   38   27.9472      0.0167
  15   39   29.1989      0.0895
  15   40   38.8559      0.0126
  16   17    7.4985      0.0116
  16   18   12.1544      0.0016
  16   19   15.0406      0.0005
  16   20   17.7765      0.0002
  16   21   45.4661      0.0010
  16   22   46.1310      0.0016
  16   23   38.8270      0.0054
  16   24   53.1483      0.0018
  16   25   46.7276      0.0050
  16   26   48.7225      0.0069
  16   27   48.6663      0.0018
  16   28   49.3915      0.0008
  16   29   51.2895      0.0018
  16   30   55.0247      0.0021
  16   31   45.9727      0.0021
  16   32   41.2359      0.0050
  16   33   36.0230      0.0033
  16   34   47.1575      0.0014
  16   35   43.6707      0.0023
  16   36   39.7609      0.0017
  16   37   39.4401      0.0056
  16   38   33.7308      0.0038
  16   39   36.4132      0.1852
  16   40   46.0620      0.0054
  17   18    6.5091      0.0195
  17   19   11.0679      0.0026
  17   20   15.1947      0.0005
  17   21   47.1367      0.0003
  17   22   48.8511      0.0004
  17   23   42.8077      0.0013
  17   24   55.9008      0.0004
  17   25   50.5722      0.0010
  17   26   53.4110      0.0018
  17   27   52.7773      0.0006
  17   28   53.4855      0.0004
  17   29   55.6614      0.0007
  17   30   58.6217      0.0005
  17   31   49.7606      0.0006
  17   32   46.4977      0.0012
  17   33   42.2518      0.0117
  17   34   53.0685      0.0013
  17   35   48.9026      0.0021
  17   36   45.5880      0.0019
  17   37   45.3150      0.0109
  17   38   39.0598      0.0336
  17   39   41.5722      0.0066
  17   40   51.2608      0.0017
  18   19    6.1066      0.0160
  18   20   11.4927      0.0021
  18   21   51.3592      0.0003
  18   22   53.3869      0.0004
  18   23   47.6131      0.0015
  18   24   60.4053      0.0004
  18   25   55.2674      0.0010
  18   26   58.1910      0.0016
  18   27   57.5349      0.0006
  18   28   58.0641      0.0004
  18   29   60.4170      0.0006
  18   30   63.3216      0.0005
  18   31   54.5056      0.0006
  18   32   51.2759      0.0011
  18   33   46.3501      0.0038
  18   34   56.6652      0.0006
  18   35   52.5627      0.0007
  18   36   49.2139      0.0008
  18   37   49.5565      0.0025
  18   38   42.8785      0.0021
  18   39   46.0932      0.0079
  18   40   55.7742      0.0012
  19   20    7.0473      0.0146
  19   21   53.9394      0.0005
  19   22   55.9151      0.0005
  19   23   50.1305      0.0008
  19   24   63.0075      0.0005
  19   25   57.8599      0.0006
  19   26   60.6217      0.0005
  19   27   59.8237      0.0004
  19   28   60.0628      0.0003
  19   29   62.6153      0.0004
  19   30   65.7800      0.0004
  19   31   56.9066      0.0005
  19   32   53.6084      0.0006
  19   33   48.2069      0.0004
  19   34   58.3338      0.0002
  19   35   54.5262      0.0002
  19   36   50.9570      0.0002
  19   37   51.6029      0.0003
  19   38   44.9221      0.0003
  19   39   48.4745      0.0008
  19   40   58.1009      0.0004
  20   21   56.9823      0.0004
  20   22   58.6376      0.0003
  20   23   52.6809      0.0004
  20   24   66.0191      0.0003
  20   25   60.7803      0.0003
  20   26   63.1015      0.0002
  20   27   61.8017      0.0002
  20   28   61.3719      0.0002
  20   29   64.3657      0.0002
  20   30   68.2836      0.0002
  20   31   59.1778      0.0003
  20   32   55.8470      0.0002
  20   33   49.8944      0.0001
  20   34   60.0299      0.0001
  20   35   57.0037      0.0001
  20   36   52.8369      0.0001
  20   37   53.6955      0.0001
  20   38   47.4615      0.0001
  20   39   51.1557      0.0003
  20   40   60.6595      0.0002
  21   22    8.3409      0.0098
  21   23   17.6825      0.0034
  21   24   13.3682      0.4260
  21   25   20.1684      0.0066
  21   26   27.4844      0.0061
  21   27   21.8344      0.0053
  21   28   27.6438      0.0021
  21   29   26.0946      0.0048
  21   30   19.7414      0.0162
  21   31   17.2627      0.0055
  21   32   30.3401      0.0169
  21   33   46.5630      0.0036
  21   34   57.5832      0.0028
  21   35   50.9586      0.0030
  21   36   52.6934      0.0032
  21   37   43.8376      0.0042
  21   38   45.1198      0.0032
  21   39   33.9232      0.0056
  21   40   37.0665      0.0024
  22   23   11.9408      0.0913
  22   24    9.7292      3.0408
  22   25   14.6893      0.2415
  22   26   20.5935      0.0641
  22   27   13.8176      0.0337
  22   28   21.0041      0.0064
  22   29   18.1094      0.0224
  22   30   12.4509      0.0461
  22   31    9.2401      0.0758
  22   32   24.1398      2.8988
  22   33   41.9962      0.0491
  22   34   52.9151      0.0131
  22   35   47.3562      0.0164
  22   36   48.6963      0.0700
  22   37   39.1067      0.0728
  22   38   42.1737      0.0463
  22   39   29.8657      0.1570
  22   40   31.7620      0.0039
  23   24   17.2415      0.0761
  23   25   10.8217      4.1847
  23   26   13.7289      2.4687
  23   27   12.5469      0.0276
  23   28   20.1532      0.0046
  23   29   16.3286      0.0224
  23   30   16.4426      0.0495
  23   31    8.6790      0.0937
  23   32   13.2450      4.7267
  23   33   30.1871      0.2040
  23   34   41.6129      0.0391
  23   35   36.8785      0.2307
  23   36   37.2725      1.2371
  23   37   27.7124      1.0739
  23   38   31.3393      1.0767
  23   39   19.0638      2.0123
  23   40   22.2306      0.0232
  24   25   12.6984      0.0315
  24   26   19.5283      0.0194
  24   27   18.1933      0.0444
  24   28   27.3975      0.0109
  24   29   21.7579      0.0686
  24   30   10.0245      7.0355
  24   31   14.5815      1.8950
  24   32   26.0364      1.4770
  24   33   44.6188      0.0208
  24   34   53.6440      0.0062
  24   35   47.3272      0.0057
  24   36   50.2396      0.0147
  24   37   40.4900      0.0193
  24   38   43.9093      0.0122
  24   39   31.2412      0.0259
  24   40   30.7743      0.0025
  25   26    8.8044      0.0557
  25   27   16.5929      2.1414
  25   28   26.8438      0.7691
  25   29   19.7764      1.9454
  25   30   13.3553      4.6507
  25   31   13.3058      1.0433
  25   32   14.3035      2.3643
  25   33   32.3721      0.0654
  25   34   40.9827      0.0105
  25   35   35.0313      0.0113
  25   36   37.7724      0.0383
  25   37   27.9189      0.0601
  25   38   32.0638      0.0350
  25   39   19.0521      0.2445
  25   40   18.2545      0.0072
  26   27   15.6950      1.4597
  26   28   25.2224      0.0171
  26   29   17.0938      0.0306
  26   30   15.3872      0.0178
  26   31   14.9763      1.6529
  26   32    9.3706      2.3806
  26   33   28.3359      0.0256
  26   34   36.2864      0.0085
  26   35   32.4375      0.0092
  26   36   34.2703      0.0207
  26   37   23.8415      0.0295
  26   38   30.6972      0.0231
  26   39   17.6558      0.0772
  26   40   13.9120      0.0498
  27   28   10.7084      0.0363
  27   29    4.4859      0.0657
  27   30   10.9885      0.0174
  27   31    5.1557      0.0692
  27   32   18.7738      1.1740
  27   33   37.4417      0.0092
  27   34   48.2004      0.0063
  27   35   45.4327      0.0117
  27   36   45.2714      0.0121
  27   37   35.0432      0.0146
  27   38   41.2339      0.0175
  27   39   28.5304      0.0391
  27   40   28.3466      0.0035
  28   29    9.4000      0.0368
  28   30   20.4985      0.0070
  28   31   14.2882      0.0174
  28   32   25.8777      0.1132
  28   33   41.7841      0.0013
  28   34   53.4615      0.0012
  28   35   52.1925      0.0019
  28   36   50.4407      0.0014
  28   37   40.8261      0.0018
  28   38   47.1406      0.0018
  28   39   35.6339      0.0041
  28   40   36.4855      0.0023
  29   30   13.2494      0.0193
  29   31    9.5760      0.0365
  29   32   20.0818      0.5654
  29   33   38.2431      0.0060
  29   34   48.6377      0.0039
  29   35   46.8099      0.0065
  29   36   46.2545      0.0066
  29   37   36.0157      0.0079
  29   38   43.0856      0.0098
  29   39   30.5871      0.0212
  29   40   29.5578      0.0027
  30   31   10.1437      0.0580
  30   32   22.6890      1.4490
  30   33   42.4511      0.0198
  30   34   51.5146      0.0063
  30   35   47.1353      0.0079
  30   36   48.9827      0.0203
  30   37   38.6016      0.0223
  30   38   44.2635      0.0270
  30   39   30.9683      0.0564
  30   40   28.9543      0.0023
  31   32   18.0049      3.2035
  31   33   36.7397      0.0235
  31   34   47.7092      0.0106
  31   35   43.8409      0.0212
  31   36   44.2049      0.0383
  31   37   34.1202      0.0403
  31   38   39.1817      0.0599
  31   39   26.4094      0.1521
  31   40   27.2123      0.0041
  32   33   19.8270      0.3100
  32   34   29.7860      0.0143
  32   35   26.8302      0.0202
  32   36   26.8418      1.0262
  32   37   16.4395      0.2633
  32   38   23.4894      0.0632
  32   39   11.1172      3.3334
  32   40   11.3049      0.2403
  33   34   13.8748      0.0168
  33   35   15.1465      0.0809
  33   36    9.1770      0.0903
  33   37    6.5061      0.0756
  33   38   11.3994      0.0604
  33   39   14.6140      0.0834
  33   40   18.6034      0.0039
  34   35   11.3047      0.0332
  34   36    7.7215      0.0463
  34   37   13.9674      0.0108
  34   38   16.8279      0.0332
  34   39   23.8108      0.0100
  34   40   23.5603      0.0015
  35   36    8.9552      0.0826
  35   37   12.2133      0.0501
  35   38   10.1101      0.1815
  35   39   17.8741      0.0282
  35   40   18.9680      0.0012
  36   37   10.5595      0.1002
  36   38    9.8166      0.1037
  36   39   19.1956      0.0516
  36   40   21.9969      0.0018
  37   38   10.8388      0.0403
  37   39   10.4577      0.1062
  37   40   12.5486      0.0032
  38   39   13.3472      0.0577
  38   40   19.5559      0.0018
  39   40    9.9418      0.0101
