  1   2     0.20300
  1   3     0.20163
  1   4     0.23767
  1   5     0.17038
  1   6     0.57650
  1   7     0.30515
  1   8     0.20742
  1   9     0.25928
  1  10     0.26993
  1  11     0.23947
  1  12     0.26279
  1  13     0.26041
  1  14     0.21230
  1  15     0.35841
  1  16     1.50311
  1  17     3.38705
  1  18     3.51990
  1  19     3.80544
  1  20     4.75678
  1  21     1.33103
  1  22     0.40496
  1  23     0.27383
  1  24     0.57158
  1  25     0.35968
  1  26     0.35581
  1  27     0.53729
  1  28     1.35399
  1  29     0.59977
  1  30     0.38376
  1  31     0.36381
  1  32     0.29643
  1  33     0.50423
  1  34     0.62551
  1  35     0.47215
  1  36     0.48203
  1  37     0.33027
  1  38     0.45277
  1  39     0.32421
  1  40     0.72136
  2   3     0.17005
  2   4     0.25611
  2   5     0.16203
  2   6     0.35524
  2   7     0.49051
  2   8     0.17818
  2   9     0.25837
  2  10     0.26262
  2  11     0.17355
  2  12     0.26320
  2  13     0.13004
  2  14     0.28204
  2  15     0.35190
  2  16     1.18015
  2  17     3.05328
  2  18     3.42086
  2  19     4.11889
  2  20     5.06288
  2  21     1.48838
  2  22     0.51835
  2  23     0.24811
  2  24     0.74020
  2  25     0.34974
  2  26     0.37650
  2  27     0.35930
  2  28     0.92827
  2  29     0.43781
  2  30     0.47511
  2  31     0.32383
  2  32     0.29437
  2  33     0.39581
  2  34     0.73238
  2  35     0.70903
  2  36     0.49738
  2  37     0.42097
  2  38     0.50579
  2  39     0.37620
  2  40     1.06013
  3   4     0.19032
  3   5     0.15070
  3   6     0.44847
  3   7     0.63301
  3   8     0.21994
  3   9     0.41515
  3  10     0.28249
  3  11     0.22126
  3  12     0.21656
  3  13     0.19559
  3  14     0.22477
  3  15     0.41701
  3  16     1.49750
  3  17     3.54591
  3  18     3.72761
  3  19     3.87192
  3  20     4.72399
  3  21     1.44786
  3  22     0.50260
  3  23     0.25313
  3  24     0.60841
  3  25     0.35727
  3  26     0.35789
  3  27     0.38881
  3  28     0.82427
  3  29     0.44193
  3  30     0.42852
  3  31     0.35444
  3  32     0.28197
  3  33     0.38767
  3  34     0.69134
  3  35     0.61815
  3  36     0.39798
  3  37     0.36468
  3  38     0.42334
  3  39     0.32982
  3  40     1.05729
  4   5     0.20361
  4   6     0.52319
  4   7     0.31171
  4   8     0.29199
  4   9     0.31137
  4  10     0.28506
  4  11     0.33806
  4  12     0.36063
  4  13     0.35633
  4  14     0.24831
  4  15     0.42401
  4  16     0.97592
  4  17     1.87400
  4  18     2.62701
  4  19     4.72318
  4  20     6.41791
  4  21     1.32581
  4  22     0.32627
  4  23     0.26926
  4  24     0.49516
  4  25     0.34945
  4  26     0.45445
  4  27     0.62371
  4  28     1.74339
  4  29     0.74029
  4  30     0.38217
  4  31     0.37724
  4  32     0.32892
  4  33     0.48146
  4  34     0.62718
  4  35     0.34338
  4  36     0.47581
  4  37     0.26385
  4  38     0.37263
  4  39     0.23763
  4  40     0.77692
  5   6     0.41173
  5   7     0.57025
  5   8     0.25316
  5   9     0.39277
  5  10     0.31728
  5  11     0.25881
  5  12     0.27233
  5  13     0.24414
  5  14     0.23662
  5  15     0.41629
  5  16     1.60627
  5  17     3.62667
  5  18     3.75945
  5  19     3.83557
  5  20     4.68552
  5  21     1.32793
  5  22     0.34538
  5  23     0.20616
  5  24     0.55376
  5  25     0.35453
  5  26     0.33566
  5  27     0.43180
  5  28     1.09450
  5  29     0.48906
  5  30     0.35457
  5  31     0.28659
  5  32     0.26089
  5  33     0.45327
  5  34     0.63070
  5  35     0.50818
  5  36     0.42647
  5  37     0.33768
  5  38     0.43054
  5  39     0.33567
  5  40     0.85937
  6   7     0.39005
  6   8     0.51605
  6   9     0.41417
  6  10     0.41730
  6  11     0.53543
  6  12     0.47161
  6  13     0.33605
  6  14     0.49584
  6  15     0.76209
  6  16     2.11336
  6  17     4.40158
  6  18     4.68378
  6  19     4.39636
  6  20     4.89661
  6  21     0.99570
  6  22     0.72276
  6  23     0.59305
  6  24     0.98372
  6  25     0.64427
  6  26     0.59588
  6  27     0.74590
  6  28     1.26527
  6  29     0.82566
  6  30     0.73039
  6  31     0.66733
  6  32     0.56611
  6  33     0.72264
  6  34     0.78687
  6  35     0.61349
  6  36     0.63985
  6  37     0.55115
  6  38     0.60206
  6  39     0.51211
  6  40     1.02429
  7   8     0.38096
  7   9     0.18360
  7  10     0.20659
  7  11     0.44164
  7  12     0.29967
  7  13     0.41213
  7  14     0.23284
  7  15     0.56804
  7  16     1.95663
  7  17     3.99665
  7  18     4.13007
  7  19     4.02312
  7  20     4.76689
  7  21     1.33207
  7  22     0.81465
  7  23     0.61872
  7  24     0.92820
  7  25     0.69735
  7  26     0.62481
  7  27     0.78601
  7  28     1.45277
  7  29     0.82991
  7  30     0.75021
  7  31     0.69839
  7  32     0.55121
  7  33     0.61983
  7  34     0.72363
  7  35     0.51324
  7  36     0.57615
  7  37     0.45003
  7  38     0.49908
  7  39     0.47415
  7  40     0.79448
  8   9     0.17611
  8  10     0.20140
  8  11     0.17522
  8  12     0.20019
  8  13     0.19663
  8  14     0.22460
  8  15     0.31240
  8  16     1.68354
  8  17     4.03007
  8  18     4.34971
  8  19     3.87764
  8  20     3.88127
  8  21     1.24692
  8  22     0.50793
  8  23     0.28805
  8  24     0.77827
  8  25     0.40443
  8  26     0.37989
  8  27     0.43858
  8  28     1.03884
  8  29     0.49323
  8  30     0.53106
  8  31     0.37826
  8  32     0.30188
  8  33     0.47743
  8  34     0.63198
  8  35     0.66122
  8  36     0.53693
  8  37     0.39647
  8  38     0.53004
  8  39     0.40401
  8  40     0.99846
  9  10     0.19361
  9  11     0.25186
  9  12     0.34368
  9  13     0.23225
  9  14     0.27272
  9  15     0.45655
  9  16     2.17523
  9  17     4.60153
  9  18     4.81113
  9  19     4.25786
  9  20     4.44936
  9  21     1.15561
  9  22     0.77917
  9  23     0.53231
  9  24     0.88802
  9  25     0.54870
  9  26     0.49503
  9  27     0.76827
  9  28     1.45004
  9  29     0.82858
  9  30     0.69882
  9  31     0.66314
  9  32     0.45274
  9  33     0.61264
  9  34     0.67572
  9  35     0.52371
  9  36     0.60444
  9  37     0.37604
  9  38     0.52322
  9  39     0.37295
  9  40     0.77241
 10  11     0.23305
 10  12     0.20900
 10  13     0.21128
 10  14     0.19635
 10  15     0.29765
 10  16     1.62777
 10  17     3.73205
 10  18     3.91833
 10  19     3.79265
 10  20     4.16909
 10  21     1.20724
 10  22     0.54198
 10  23     0.38078
 10  24     0.70954
 10  25     0.42001
 10  26     0.41525
 10  27     0.62349
 10  28     1.46570
 10  29     0.68344
 10  30     0.47621
 10  31     0.47192
 10  32     0.37463
 10  33     0.57868
 10  34     0.64595
 10  35     0.53586
 10  36     0.59456
 10  37     0.35220
 10  38     0.50508
 10  39     0.35677
 10  40     0.81174
 11  12     0.26294
 11  13     0.18116
 11  14     0.25706
 11  15     0.34067
 11  16     1.40488
 11  17     3.52904
 11  18     4.02320
 11  19     4.01439
 11  20     4.07147
 11  21     1.51756
 11  22     0.61091
 11  23     0.27866
 11  24     0.91180
 11  25     0.43438
 11  26     0.43771
 11  27     0.42297
 11  28     0.91799
 11  29     0.47153
 11  30     0.65298
 11  31     0.41170
 11  32     0.32078
 11  33     0.50407
 11  34     0.78965
 11  35     0.85505
 11  36     0.67187
 11  37     0.52322
 11  38     0.63617
 11  39     0.46325
 11  40     1.15916
 12  13     0.27314
 12  14     0.28583
 12  15     0.48734
 12  16     1.54594
 12  17     3.58043
 12  18     4.15551
 12  19     3.98808
 12  20     3.86167
 12  21     1.18859
 12  22     0.47532
 12  23     0.30271
 12  24     0.74514
 12  25     0.39891
 12  26     0.39749
 12  27     0.49296
 12  28     1.29053
 12  29     0.55666
 12  30     0.46150
 12  31     0.37253
 12  32     0.34283
 12  33     0.57908
 12  34     0.67902
 12  35     0.70471
 12  36     0.65753
 12  37     0.43612
 12  38     0.58898
 12  39     0.43546
 12  40     1.03259
 13  14     0.18001
 13  15     0.26833
 13  16     1.11666
 13  17     2.88318
 13  18     3.48186
 13  19     4.41192
 13  20     5.14080
 13  21     1.47667
 13  22     0.49169
 13  23     0.27597
 13  24     0.78755
 13  25     0.38753
 13  26     0.42879
 13  27     0.38679
 13  28     1.08223
 13  29     0.46110
 13  30     0.49378
 13  31     0.31830
 13  32     0.35251
 13  33     0.51059
 13  34     0.74652
 13  35     0.76398
 13  36     0.62584
 13  37     0.53041
 13  38     0.60414
 13  39     0.49919
 13  40     1.17363
 14  15     0.18682
 14  16     1.01759
 14  17     2.43909
 14  18     3.02449
 14  19     4.41798
 14  20     5.48937
 14  21     1.32150
 14  22     0.40241
 14  23     0.31333
 14  24     0.59510
 14  25     0.37725
 14  26     0.43395
 14  27     0.58724
 14  28     1.58164
 14  29     0.66965
 14  30     0.37937
 14  31     0.38934
 14  32     0.35205
 14  33     0.52600
 14  34     0.61136
 14  35     0.49191
 14  36     0.54504
 14  37     0.31180
 14  38     0.45949
 14  39     0.35246
 14  40     0.88622
 15  16     1.01963
 15  17     1.60332
 15  18     2.26457
 15  19     3.86036
 15  20     5.31727
 15  21     1.38916
 15  22     0.75416
 15  23     0.64113
 15  24     0.75745
 15  25     0.56164
 15  26     0.64371
 15  27     0.99845
 15  28     2.04267
 15  29     1.07030
 15  30     0.70533
 15  31     0.80463
 15  32     0.63635
 15  33     0.85308
 15  34     1.00674
 15  35     0.74366
 15  36     0.91458
 15  37     0.59705
 15  38     0.71634
 15  39     0.47797
 15  40     0.82114
 16  17     0.61131
 16  18     1.62671
 16  19     3.07758
 16  20     4.58005
 16  21     2.39951
 16  22     1.96817
 16  23     1.54967
 16  24     1.77981
 16  25     1.34101
 16  26     1.22830
 16  27     1.85467
 16  28     2.72174
 16  29     1.86210
 16  30     1.68363
 16  31     1.78997
 16  32     1.12334
 16  33     1.55602
 16  34     1.94466
 16  35     1.62471
 16  36     1.84900
 16  37     1.27666
 16  38     1.52351
 16  39     1.00456
 16  40     1.25517
 17  18     0.49330
 17  19     1.30064
 17  20     2.81086
 17  21     4.41456
 17  22     3.97924
 17  23     3.22863
 17  24     3.83130
 17  25     3.11606
 17  26     2.67707
 17  27     3.37364
 17  28     3.82555
 17  29     3.25083
 17  30     3.51999
 17  31     3.48621
 17  32     2.27759
 17  33     1.94709
 17  34     2.36581
 17  35     2.12458
 17  36     2.28347
 17  37     1.82040
 17  38     2.00810
 17  39     2.03723
 17  40     2.22558
 18  19     0.55847
 18  20     1.45910
 18  21     4.56786
 18  22     4.15343
 18  23     3.40452
 18  24     4.00552
 18  25     3.34152
 18  26     2.97814
 18  27     3.61698
 18  28     4.12159
 18  29     3.52301
 18  30     3.70651
 18  31     3.67692
 18  32     2.66378
 18  33     2.81337
 18  34     3.41545
 18  35     3.33376
 18  36     3.35482
 18  37     2.75191
 18  38     3.15266
 18  39     2.72355
 18  40     2.90496
 19  20     0.63124
 19  21     4.25911
 19  22     4.13679
 19  23     3.91071
 19  24     3.99982
 19  25     3.96491
 19  26     4.11470
 19  27     4.16150
 19  28     4.71289
 19  29     4.19849
 19  30     4.01826
 19  31     4.06231
 19  32     4.21681
 19  33     5.41272
 19  34     6.22420
 19  35     6.13645
 19  36     6.17386
 19  37     5.31646
 19  38     5.88082
 19  39     4.73920
 19  40     4.90416
 20  21     4.85134
 20  22     5.03451
 20  23     5.21022
 20  24     4.88175
 20  25     5.21108
 20  26     5.69424
 20  27     5.51798
 20  28     5.99477
 20  29     5.65723
 20  30     5.20995
 20  31     5.32126
 20  32     5.99435
 20  33     7.62801
 20  34     8.46664
 20  35     8.07947
 20  36     8.35146
 20  37     7.38966
 20  38     7.76878
 20  39     6.46357
 20  40     6.66011
 21  22     0.66104
 21  23     1.12499
 21  24     0.83674
 21  25     0.98987
 21  26     0.94945
 21  27     0.90207
 21  28     1.44783
 21  29     0.94624
 21  30     0.51227
 21  31     0.88807
 21  32     1.10490
 21  33     1.30539
 21  34     1.42508
 21  35     1.39094
 21  36     1.32137
 21  37     1.24925
 21  38     1.36649
 21  39     1.27348
 21  40     1.67343
 22  23     0.20767
 22  24     0.30951
 22  25     0.31438
 22  26     0.36521
 22  27     0.35292
 22  28     0.81954
 22  29     0.43482
 22  30     0.29941
 22  31     0.23031
 22  32     0.29665
 22  33     0.46567
 22  34     0.78003
 22  35     0.66037
 22  36     0.41356
 22  37     0.39693
 22  38     0.44969
 22  39     0.35658
 22  40     1.27682
 23  24     0.32823
 23  25     0.24413
 23  26     0.27955
 23  27     0.39058
 23  28     0.96327
 23  29     0.43501
 23  30     0.28815
 23  31     0.20448
 23  32     0.23692
 23  33     0.46877
 23  34     0.73805
 23  35     0.52186
 23  36     0.39479
 23  37     0.36401
 23  38     0.38598
 23  39     0.29557
 23  40     1.09146
 24  25     0.36490
 24  26     0.46850
 24  27     0.44049
 24  28     0.87017
 24  29     0.44336
 24  30     0.20099
 24  31     0.29543
 24  32     0.43888
 24  33     0.58239
 24  34     0.97841
 24  35     0.98173
 24  36     0.65030
 24  37     0.59833
 24  38     0.69975
 24  39     0.57547
 24  40     1.50675
 25  26     0.27104
 25  27     0.29698
 25  28     0.60621
 25  29     0.37498
 25  30     0.22819
 25  31     0.31190
 25  32     0.34420
 25  33     0.47646
 25  34     0.89835
 25  35     0.82276
 25  36     0.52931
 25  37     0.48025
 25  38     0.53334
 25  39     0.40922
 25  40     1.39384
 26  27     0.32912
 26  28     0.82622
 26  29     0.60960
 26  30     0.57806
 26  31     0.30751
 26  32     0.35511
 26  33     0.61762
 26  34     1.00983
 26  35     0.90430
 26  36     0.64296
 26  37     0.60404
 26  38     0.60229
 26  39     0.47883
 26  40     1.53643
 27  28     0.33962
 27  29     0.24967
 27  30     0.49409
 27  31     0.24189
 27  32     0.48885
 27  33     0.81197
 27  34     1.02129
 27  35     0.75905
 27  36     0.70891
 27  37     0.67285
 27  38     0.62077
 27  39     0.51980
 27  40     1.40242
 28  29     0.33735
 28  30     0.78400
 28  31     0.49503
 28  32     1.41357
 28  33     2.05204
 28  34     2.05581
 28  35     1.72229
 28  36     1.95249
 28  37     1.81904
 28  38     1.76852
 28  39     1.50442
 28  40     1.81908
 29  30     0.46873
 29  31     0.33865
 29  32     0.68327
 29  33     0.99640
 29  34     1.22143
 29  35     0.95586
 29  36     0.92488
 29  37     0.88830
 29  38     0.79608
 29  39     0.69340
 29  40     1.55896
 30  31     0.26493
 30  32     0.44141
 30  33     0.60536
 30  34     0.99619
 30  35     0.85810
 30  36     0.58066
 30  37     0.56806
 30  38     0.52838
 30  39     0.46322
 30  40     1.59565
 31  32     0.30039
 31  33     0.58407
 31  34     0.86240
 31  35     0.63020
 31  36     0.48762
 31  37     0.47176
 31  38     0.43227
 31  39     0.35777
 31  40     1.32187
 32  33     0.40792
 32  34     0.79307
 32  35     0.55150
 32  36     0.36078
 32  37     0.33679
 32  38     0.35515
 32  39     0.27542
 32  40     1.07240
 33  34     0.50282
 33  35     0.22213
 33  36     0.20939
 33  37     0.23041
 33  38     0.26014
 33  39     0.21858
 33  40     1.04787
 34  35     0.35656
 34  36     0.29962
 34  37     0.63039
 34  38     0.35583
 34  39     0.65356
 34  40     1.68033
 35  36     0.22038
 35  37     0.28668
 35  38     0.14017
 35  39     0.38613
 35  40     1.92200
 36  37     0.19811
 36  38     0.19480
 36  39     0.28240
 36  40     1.54919
 37  38     0.32101
 37  39     0.19118
 37  40     1.16562
 38  39     0.26602
 38  40     1.55929
 39  40     0.65227
