   1    2    14.50240     1.00000
   1    3    12.79945     1.00000
   1    4    14.96252     1.00000
   1    5     5.92031     1.00000
   1    6    16.45030     1.00000
   1    7     8.21669     1.00000
   1    8    16.54246     1.00000
   1    9    14.91350     1.00000
   1   10    11.93389     1.00000
   1   11    23.06568     1.00000
   1   12    19.89550     1.00000
   1   13    16.91787     1.00000
   1   14    11.54692     1.00000
   1   15    19.61571     1.00000
   1   16    26.47856     1.00000
   1   17    29.56604     1.00000
   1   18    34.24113     1.00000
   1   19    37.05803     1.00000
   1   20    40.38593     1.00000
   1   21    21.70221     1.00000
   1   22    21.77485     1.00000
   1   23    15.40582     1.00000
   1   24    27.21370     1.00000
   1   25    21.53547     1.00000
   1   26    26.14869     1.00000
   1   27    27.45355     1.00000
   1   28    32.62768     1.00000
   1   29    31.20889     1.00000
   1   30    30.54961     1.00000
   1   31    23.30793     1.00000
   1   32    22.14367     1.00000
   1   33    29.71905     1.00000
   1   34    41.51140     1.00000
   1   35    34.86881     1.00000
   1   36    35.10752     1.00000
   1   37    28.67220     1.00000
   1   38    26.66245     1.00000
   1   39    19.63470     1.00000
   1   40    27.70507     1.00000
   2    3     8.89398     1.00000
   2    4    18.83527     1.00000
   2    5    12.32776     1.00000
   2    6    23.14692     1.00000
   2    7    21.82919     1.00000
   2    8    17.88663     1.00000
   2    9    26.46330     1.00000
   2   10    22.37395     1.00000
   2   11    17.66964     1.00000
   2   12    24.51365     1.00000
   2   13     9.75001     1.00000
   2   14    18.70668     1.00000
   2   15    31.71547     1.00000
   2   16    38.64519     1.00000
   2   17    41.74080     1.00000
   2   18    46.07724     1.00000
   2   19    48.82127     1.00000
   2   20    52.43764     1.00000
   2   21    23.19118     1.00000
   2   22    22.38516     1.00000
   2   23    17.30719     1.00000
   2   24    22.13510     1.00000
   2   25    14.60868     1.00000
   2   26    20.64714     1.00000
   2   27    28.63279     1.00000
   2   28    37.32599     1.00000
   2   29    32.31797     1.00000
   2   30    27.01325     1.00000
   2   31    24.33610     1.00000
   2   32    20.23307     1.00000
   2   33    30.23072     1.00000
   2   34    38.47371     1.00000
   2   35    29.72002     1.00000
   2   36    33.47578     1.00000
   2   37    26.28204     1.00000
   2   38    25.07926     1.00000
   2   39    16.10794     1.00000
   2   40    20.54893     1.00000
   3    4    22.36081     1.00000
   3    5     7.53476     1.00000
   3    6    15.91077     1.00000
   3    7    17.81610     1.00000
   3    8    17.63242     1.00000
   3    9    23.64329     1.00000
   3   10    22.79083     1.00000
   3   11    21.29491     1.00000
   3   12    26.82449     1.00000
   3   13    17.11136     1.00000
   3   14    21.92464     1.00000
   3   15    32.32046     1.00000
   3   16    39.20914     1.00000
   3   17    42.01011     1.00000
   3   18    46.51067     1.00000
   3   19    49.25827     1.00000
   3   20    52.63420     1.00000
   3   21    14.60727     1.00000
   3   22    13.84816     1.00000
   3   23    11.66885     1.00000
   3   24    15.56601     1.00000
   3   25    11.63413     1.00000
   3   26    19.30905     1.00000
   3   27    22.34754     1.00000
   3   28    30.66228     1.00000
   3   29    26.51558     1.00000
   3   30    20.94468     1.00000
   3   31    17.47908     1.00000
   3   32    20.28460     1.00000
   3   33    34.30055     1.00000
   3   34    44.26780     1.00000
   3   35    36.79360     1.00000
   3   36    39.30149     1.00000
   3   37    30.94914     1.00000
   3   38    31.38971     1.00000
   3   39    20.58098     1.00000
   3   40    24.56897     1.00000
   4    5    18.95973     1.00000
   4    6    31.18996     1.00000
   4    7    21.45929     1.00000
   4    8    28.13530     1.00000
   4    9    27.37219     1.00000
   4   10    20.09216     1.00000
   4   11    30.57997     1.00000
   4   12    26.95072     1.00000
   4   13    19.25132     1.00000
   4   14    10.66678     1.00000
   4   15    18.88791     1.00000
   4   16    26.02820     1.00000
   4   17    31.36328     1.00000
   4   18    35.88383     1.00000
   4   19    38.27522     1.00000
   4   20    40.97399     1.00000
   4   21    34.58122     1.00000
   4   22    32.05456     1.00000
   4   23    21.32987     1.00000
   4   24    35.85432     1.00000
   4   25    25.39196     1.00000
   4   26    25.68592     1.00000
   4   27    32.25773     1.00000
   4   28    37.35975     1.00000
   4   29    34.70776     1.00000
   4   30    36.53980     1.00000
   4   31    29.68349     1.00000
   4   32    17.96801     1.00000
   4   33    15.49561     1.00000
   4   34    27.18213     1.00000
   4   35    21.78443     1.00000
   4   36    20.41405     1.00000
   4   37    15.57128     1.00000
   4   38    12.68720     1.00000
   4   39    10.50155     1.00000
   4   40    20.27546     1.00000
   5    6    12.99875     1.00000
   5    7    10.45984     1.00000
   5    8    15.71387     1.00000
   5    9    17.14164     1.00000
   5   10    16.44002     1.00000
   5   11    22.11798     1.00000
   5   12    22.66974     1.00000
   5   13    17.45430     1.00000
   5   14    16.82702     1.00000
   5   15    25.40184     1.00000
   5   16    32.12945     1.00000
   5   17    34.86779     1.00000
   5   18    39.44865     1.00000
   5   19    42.23082     1.00000
   5   20    45.54569     1.00000
   5   21    16.30845     1.00000
   5   22    16.47969     1.00000
   5   23    12.21024     1.00000
   5   24    21.49469     1.00000
   5   25    17.33123     1.00000
   5   26    23.30479     1.00000
   5   27    24.00209     1.00000
   5   28    30.25822     1.00000
   5   29    28.10325     1.00000
   5   30    25.64825     1.00000
   5   31    19.35253     1.00000
   5   32    21.42604     1.00000
   5   33    32.68530     1.00000
   5   34    44.03634     1.00000
   5   35    37.10870     1.00000
   5   36    38.21295     1.00000
   5   37    30.68292     1.00000
   5   38    29.95977     1.00000
   5   39    20.79002     1.00000
   5   40    27.22611     1.00000
   6    7    12.94861     1.00000
   6    8    17.10286     1.00000
   6    9    15.53979     1.00000
   6   10    21.47040     1.00000
   6   11    26.20820     1.00000
   6   12    26.29521     1.00000
   6   13    27.32125     1.00000
   6   14    26.93480     1.00000
   6   15    31.82483     1.00000
   6   16    36.97635     1.00000
   6   17    37.87002     1.00000
   6   18    41.89734     1.00000
   6   19    44.53727     1.00000
   6   20    47.75847     1.00000
   6   21    10.48748     1.00000
   6   22    15.93197     1.00000
   6   23    19.97665     1.00000
   6   24    22.48427     1.00000
   6   25    25.34513     1.00000
   6   26    32.32421     1.00000
   6   27    27.42198     1.00000
   6   28    31.53990     1.00000
   6   29    31.69583     1.00000
   6   30    28.21763     1.00000
   6   31    22.78832     1.00000
   6   32    32.35643     1.00000
   6   33    45.07371     1.00000
   6   34    56.88431     1.00000
   6   35    50.03685     1.00000
   6   36    50.98688     1.00000
   6   37    43.41516     1.00000
   6   38    42.68227     1.00000
   6   39    33.62679     1.00000
   6   40    39.24893     1.00000
   7    8    17.99552     1.00000
   7    9     9.42641     1.00000
   7   10    11.87176     1.00000
   7   11    27.00865     1.00000
   7   12    20.98613     1.00000
   7   13    23.80116     1.00000
   7   14    16.59229     1.00000
   7   15    18.99427     1.00000
   7   16    24.59785     1.00000
   7   17    26.58244     1.00000
   7   18    31.13385     1.00000
   7   19    33.93272     1.00000
   7   20    37.08593     1.00000
   7   21    21.00248     1.00000
   7   22    22.60071     1.00000
   7   23    19.03854     1.00000
   7   24    29.91439     1.00000
   7   25    27.01550     1.00000
   7   26    31.82970     1.00000
   7   27    29.17814     1.00000
   7   28    32.20945     1.00000
   7   29    32.94548     1.00000
   7   30    33.29323     1.00000
   7   31    25.18722     1.00000
   7   32    28.13507     1.00000
   7   33    35.86792     1.00000
   7   34    48.42068     1.00000
   7   35    42.46000     1.00000
   7   36    41.82946     1.00000
   7   37    35.68042     1.00000
   7   38    33.70960     1.00000
   7   39    27.24565     1.00000
   7   40    35.17897     1.00000
   8    9    15.39815     1.00000
   8   10    15.20119     1.00000
   8   11    10.39693     1.00000
   8   12    12.61703     1.00000
   8   13    15.62005     1.00000
   8   14    20.45491     1.00000
   8   15    29.99855     1.00000
   8   16    34.77234     1.00000
   8   17    34.99101     1.00000
   8   18    38.46216     1.00000
   8   19    41.34400     1.00000
   8   20    45.63388     1.00000
   8   21    23.06876     1.00000
   8   22    27.71506     1.00000
   8   23    27.45498     1.00000
   8   24    30.03893     1.00000
   8   25    28.98862     1.00000
   8   26    36.44537     1.00000
   8   27    38.58292     1.00000
   8   28    44.96365     1.00000
   8   29    42.89951     1.00000
   8   30    37.56164     1.00000
   8   31    33.58033     1.00000
   8   32    35.41630     1.00000
   8   33    43.06099     1.00000
   8   34    52.51916     1.00000
   8   35    43.41373     1.00000
   8   36    46.13391     1.00000
   8   37    40.92197     1.00000
   8   38    36.53263     1.00000
   8   39    31.27125     1.00000
   8   40    37.90142     1.00000
   9   10     9.67656     1.00000
   9   11    25.17388     1.00000
   9   12    15.75403     1.00000
   9   13    25.51378     1.00000
   9   14    19.16865     1.00000
   9   15    20.41662     1.00000
   9   16    23.87033     1.00000
   9   17    23.46423     1.00000
   9   18    27.21604     1.00000
   9   19    30.15585     1.00000
   9   20    33.96552     1.00000
   9   21    25.50410     1.00000
   9   22    29.41869     1.00000
   9   23    27.76760     1.00000
   9   24    35.90972     1.00000
   9   25    34.38799     1.00000
   9   26    40.14174     1.00000
   9   27    37.94302     1.00000
   9   28    40.87373     1.00000
   9   29    41.87457     1.00000
   9   30    40.91578     1.00000
   9   31    33.66982     1.00000
   9   32    36.73096     1.00000
   9   33    42.53133     1.00000
   9   34    54.38746     1.00000
   9   35    47.51005     1.00000
   9   36    47.33143     1.00000
   9   37    42.50998     1.00000
   9   38    38.51734     1.00000
   9   39    34.13429     1.00000
   9   40    42.49272     1.00000
  10   11    22.15353     1.00000
  10   12    10.78097     1.00000
  10   13    19.15671     1.00000
  10   14    10.31313     1.00000
  10   15    15.02396     1.00000
  10   16    19.70729     1.00000
  10   17    20.82642     1.00000
  10   18    24.96150     1.00000
  10   19    28.07161     1.00000
  10   20    32.21844     1.00000
  10   21    29.81290     1.00000
  10   22    32.14337     1.00000
  10   23    27.27135     1.00000
  10   24    37.48629     1.00000
  10   25    32.83925     1.00000
  10   26    37.70231     1.00000
  10   27    39.01171     1.00000
  10   28    43.07430     1.00000
  10   29    42.75013     1.00000
  10   30    42.01868     1.00000
  10   31    34.85101     1.00000
  10   32    32.99670     1.00000
  10   33    35.30883     1.00000
  10   34    46.29311     1.00000
  10   35    39.08269     1.00000
  10   36    39.01329     1.00000
  10   37    35.43458     1.00000
  10   38    29.95192     1.00000
  10   39    27.86918     1.00000
  10   40    36.97043     1.00000
  11   12    16.13037     1.00000
  11   13    12.50112     1.00000
  11   14    23.97156     1.00000
  11   15    36.09575     1.00000
  11   16    40.97412     1.00000
  11   17    41.49880     1.00000
  11   18    44.67636     1.00000
  11   19    47.44871     1.00000
  11   20    51.91145     1.00000
  11   21    29.56020     1.00000
  11   22    33.32307     1.00000
  11   23    32.37238     1.00000
  11   24    32.85099     1.00000
  11   25    30.65346     1.00000
  11   26    37.94092     1.00000
  11   27    43.61660     1.00000
  11   28    51.45097     1.00000
  11   29    47.78075     1.00000
  11   30    40.83921     1.00000
  11   31    38.69889     1.00000
  11   32    37.65764     1.00000
  11   33    43.94177     1.00000
  11   34    50.98753     1.00000
  11   35    40.67366     1.00000
  11   36    45.18288     1.00000
  11   37    40.85211     1.00000
  11   38    35.64494     1.00000
  11   39    31.73742     1.00000
  11   40    37.06692     1.00000
  12   13    17.95288     1.00000
  12   14    16.64973     1.00000
  12   15    23.87423     1.00000
  12   16    26.94316     1.00000
  12   17    26.36944     1.00000
  12   18    29.14779     1.00000
  12   19    32.06370     1.00000
  12   20    36.78748     1.00000
  12   21    34.10513     1.00000
  12   22    37.82695     1.00000
  12   23    34.53791     1.00000
  12   24    41.22090     1.00000
  12   25    37.52013     1.00000
  12   26    43.46196     1.00000
  12   27    46.61115     1.00000
  12   28    51.92643     1.00000
  12   29    50.62256     1.00000
  12   30    47.52223     1.00000
  12   31    41.99864     1.00000
  12   32    39.93228     1.00000
  12   33    41.68179     1.00000
  12   34    50.61742     1.00000
  12   35    41.78403     1.00000
  12   36    43.47603     1.00000
  12   37    40.96666     1.00000
  12   38    33.85714     1.00000
  12   39    33.24131     1.00000
  12   40    41.59934     1.00000
  13   14    15.42325     1.00000
  13   15    29.50397     1.00000
  13   16    35.55234     1.00000
  13   17    37.97283     1.00000
  13   18    41.79359     1.00000
  13   19    44.53422     1.00000
  13   20    48.57531     1.00000
  13   21    30.10216     1.00000
  13   22    30.91975     1.00000
  13   23    25.69730     1.00000
  13   24    31.17323     1.00000
  13   25    24.30350     1.00000
  13   26    29.59747     1.00000
  13   27    37.72883     1.00000
  13   28    45.66479     1.00000
  13   29    41.41119     1.00000
  13   30    36.68956     1.00000
  13   31    33.39363     1.00000
  13   32    27.45410     1.00000
  13   33    31.59342     1.00000
  13   34    38.64828     1.00000
  13   35    28.65684     1.00000
  13   36    32.83112     1.00000
  13   37    28.45184     1.00000
  13   38    23.38020     1.00000
  13   39    19.82245     1.00000
  13   40    25.96941     1.00000
  14   15    14.27098     1.00000
  14   16    20.79792     1.00000
  14   17    24.50893     1.00000
  14   18    28.84750     1.00000
  14   19    31.59002     1.00000
  14   20    35.19869     1.00000
  14   21    32.87428     1.00000
  14   22    32.92018     1.00000
  14   23    24.84518     1.00000
  14   24    37.22662     1.00000
  14   25    29.32829     1.00000
  14   26    32.42412     1.00000
  14   27    36.99948     1.00000
  14   28    41.93284     1.00000
  14   29    40.25637     1.00000
  14   30    40.32681     1.00000
  14   31    33.37456     1.00000
  14   32    26.36431     1.00000
  14   33    25.53380     1.00000
  14   34    36.02801     1.00000
  14   35    28.97334     1.00000
  14   36    28.74808     1.00000
  14   37    25.64596     1.00000
  14   38    19.66907     1.00000
  14   39    19.16936     1.00000
  14   40    28.75530     1.00000
  15   16     7.86540     1.00000
  15   17    13.70618     1.00000
  15   18    18.45057     1.00000
  15   19    21.02504     1.00000
  15   20    23.73485     1.00000
  15   21    39.55043     1.00000
  15   22    39.61394     1.00000
  15   23    31.68228     1.00000
  15   24    46.33221     1.00000
  15   25    39.39198     1.00000
  15   26    41.29823     1.00000
  15   27    41.89556     1.00000
  15   28    43.43769     1.00000
  15   29    44.59056     1.00000
  15   30    48.01548     1.00000
  15   31    39.12826     1.00000
  15   32    33.88061     1.00000
  15   33    30.12670     1.00000
  15   34    41.96910     1.00000
  15   35    38.01301     1.00000
  15   36    34.57064     1.00000
  15   37    32.97115     1.00000
  15   38    27.94716     1.00000
  15   39    29.19893     1.00000
  15   40    38.85594     1.00000
  16   17     7.49847     1.00000
  16   18    12.15435     1.00000
  16   19    15.04058     1.00000
  16   20    17.77650     1.00000
  16   21    45.46613     1.00000
  16   22    46.13100     1.00000
  16   23    38.82704     1.00000
  16   24    53.14834     1.00000
  16   25    46.72763     1.00000
  16   26    48.72249     1.00000
  16   27    48.66630     1.00000
  16   28    49.39150     1.00000
  16   29    51.28948     1.00000
  16   30    55.02467     1.00000
  16   31    45.97265     1.00000
  16   32    41.23594     1.00000
  16   33    36.02295     1.00000
  16   34    47.15752     1.00000
  16   35    43.67075     1.00000
  16   36    39.76087     1.00000
  16   37    39.44011     1.00000
  16   38    33.73082     1.00000
  16   39    36.41318     1.00000
  16   40    46.06197     1.00000
  17   18     6.50906     1.00000
  17   19    11.06789     1.00000
  17   20    15.19473     1.00000
  17   21    47.13665     1.00000
  17   22    48.85106     1.00000
  17   23    42.80769     1.00000
  17   24    55.90076     1.00000
  17   25    50.57217     1.00000
  17   26    53.41096     1.00000
  17   27    52.77725     1.00000
  17   28    53.48545     1.00000
  17   29    55.66140     1.00000
  17   30    58.62167     1.00000
  17   31    49.76060     1.00000
  17   32    46.49771     1.00000
  17   33    42.25183     1.00000
  17   34    53.06853     1.00000
  17   35    48.90256     1.00000
  17   36    45.58799     1.00000
  17   37    45.31501     1.00000
  17   38    39.05983     1.00000
  17   39    41.57215     1.00000
  17   40    51.26079     1.00000
  18   19     6.10655     1.00000
  18   20    11.49270     1.00000
  18   21    51.35920     1.00000
  18   22    53.38686     1.00000
  18   23    47.61314     1.00000
  18   24    60.40530     1.00000
  18   25    55.26736     1.00000
  18   26    58.19095     1.00000
  18   27    57.53486     1.00000
  18   28    58.06415     1.00000
  18   29    60.41702     1.00000
  18   30    63.32164     1.00000
  18   31    54.50558     1.00000
  18   32    51.27589     1.00000
  18   33    46.35011     1.00000
  18   34    56.66519     1.00000
  18   35    52.56268     1.00000
  18   36    49.21394     1.00000
  18   37    49.55649     1.00000
  18   38    42.87851     1.00000
  18   39    46.09320     1.00000
  18   40    55.77416     1.00000
  19   20     7.04730     1.00000
  19   21    53.93944     1.00000
  19   22    55.91508     1.00000
  19   23    50.13046     1.00000
  19   24    63.00749     1.00000
  19   25    57.85992     1.00000
  19   26    60.62169     1.00000
  19   27    59.82368     1.00000
  19   28    60.06277     1.00000
  19   29    62.61530     1.00000
  19   30    65.77996     1.00000
  19   31    56.90655     1.00000
  19   32    53.60841     1.00000
  19   33    48.20686     1.00000
  19   34    58.33384     1.00000
  19   35    54.52615     1.00000
  19   36    50.95703     1.00000
  19   37    51.60287     1.00000
  19   38    44.92210     1.00000
  19   39    48.47447     1.00000
  19   40    58.10088     1.00000
  20   21    56.98234     1.00000
  20   22    58.63760     1.00000
  20   23    52.68090     1.00000
  20   24    66.01911     1.00000
  20   25    60.78026     1.00000
  20   26    63.10153     1.00000
  20   27    61.80165     1.00000
  20   28    61.37187     1.00000
  20   29    64.36570     1.00000
  20   30    68.28361     1.00000
  20   31    59.17780     1.00000
  20   32    55.84701     1.00000
  20   33    49.89436     1.00000
  20   34    60.02985     1.00000
  20   35    57.00372     1.00000
  20   36    52.83686     1.00000
  20   37    53.69554     1.00000
  20   38    47.46146     1.00000
  20   39    51.15573     1.00000
  20   40    60.65946     1.00000
  21   22     8.34091     1.00000
  21   23    17.68248     1.00000
  21   24    13.36817     1.00000
  21   25    20.16839     1.00000
  21   26    27.48442     1.00000
  21   27    21.83437     1.00000
  21   28    27.64379     1.00000
  21   29    26.09457     1.00000
  21   30    19.74135     1.00000
  21   31    17.26274     1.00000
  21   32    30.34007     1.00000
  21   33    46.56303     1.00000
  21   34    57.58318     1.00000
  21   35    50.95859     1.00000
  21   36    52.69335     1.00000
  21   37    43.83764     1.00000
  21   38    45.11976     1.00000
  21   39    33.92320     1.00000
  21   40    37.06654     1.00000
  22   23    11.94078     1.00000
  22   24     9.72923     1.00000
  22   25    14.68932     1.00000
  22   26    20.59352     1.00000
  22   27    13.81762     1.00000
  22   28    21.00407     1.00000
  22   29    18.10937     1.00000
  22   30    12.45092     1.00000
  22   31     9.24015     1.00000
  22   32    24.13984     1.00000
  22   33    41.99621     1.00000
  22   34    52.91505     1.00000
  22   35    47.35622     1.00000
  22   36    48.69631     1.00000
  22   37    39.10665     1.00000
  22   38    42.17366     1.00000
  22   39    29.86572     1.00000
  22   40    31.76200     1.00000
  23   24    17.24154     1.00000
  23   25    10.82171     1.00000
  23   26    13.72886     1.00000
  23   27    12.54694     1.00000
  23   28    20.15320     1.00000
  23   29    16.32859     1.00000
  23   30    16.44258     1.00000
  23   31     8.67899     1.00000
  23   32    13.24496     1.00000
  23   33    30.18707     1.00000
  23   34    41.61294     1.00000
  23   35    36.87846     1.00000
  23   36    37.27251     1.00000
  23   37    27.71238     1.00000
  23   38    31.33932     1.00000
  23   39    19.06378     1.00000
  23   40    22.23058     1.00000
  24   25    12.69836     1.00000
  24   26    19.52831     1.00000
  24   27    18.19331     1.00000
  24   28    27.39746     1.00000
  24   29    21.75786     1.00000
  24   30    10.02453     1.00000
  24   31    14.58153     1.00000
  24   32    26.03640     1.00000
  24   33    44.61876     1.00000
  24   34    53.64403     1.00000
  24   35    47.32720     1.00000
  24   36    50.23960     1.00000
  24   37    40.49004     1.00000
  24   38    43.90932     1.00000
  24   39    31.24123     1.00000
  24   40    30.77431     1.00000
  25   26     8.80443     1.00000
  25   27    16.59287     1.00000
  25   28    26.84379     1.00000
  25   29    19.77642     1.00000
  25   30    13.35527     1.00000
  25   31    13.30579     1.00000
  25   32    14.30355     1.00000
  25   33    32.37210     1.00000
  25   34    40.98266     1.00000
  25   35    35.03127     1.00000
  25   36    37.77238     1.00000
  25   37    27.91887     1.00000
  25   38    32.06384     1.00000
  25   39    19.05214     1.00000
  25   40    18.25453     1.00000
  26   27    15.69499     1.00000
  26   28    25.22245     1.00000
  26   29    17.09382     1.00000
  26   30    15.38719     1.00000
  26   31    14.97626     1.00000
  26   32     9.37061     1.00000
  26   33    28.33592     1.00000
  26   34    36.28637     1.00000
  26   35    32.43747     1.00000
  26   36    34.27031     1.00000
  26   37    23.84152     1.00000
  26   38    30.69723     1.00000
  26   39    17.65576     1.00000
  26   40    13.91200     1.00000
  27   28    10.70840     1.00000
  27   29     4.48585     1.00000
  27   30    10.98851     1.00000
  27   31     5.15573     1.00000
  27   32    18.77384     1.00000
  27   33    37.44167     1.00000
  27   34    48.20037     1.00000
  27   35    45.43266     1.00000
  27   36    45.27141     1.00000
  27   37    35.04323     1.00000
  27   38    41.23389     1.00000
  27   39    28.53040     1.00000
  27   40    28.34659     1.00000
  28   29     9.40003     1.00000
  28   30    20.49854     1.00000
  28   31    14.28817     1.00000
  28   32    25.87766     1.00000
  28   33    41.78405     1.00000
  28   34    53.46148     1.00000
  28   35    52.19254     1.00000
  28   36    50.44074     1.00000
  28   37    40.82610     1.00000
  28   38    47.14060     1.00000
  28   39    35.63389     1.00000
  28   40    36.48547     1.00000
  29   30    13.24940     1.00000
  29   31     9.57603     1.00000
  29   32    20.08176     1.00000
  29   33    38.24308     1.00000
  29   34    48.63774     1.00000
  29   35    46.80994     1.00000
  29   36    46.25450     1.00000
  29   37    36.01575     1.00000
  29   38    43.08559     1.00000
  29   39    30.58710     1.00000
  29   40    29.55783     1.00000
  30   31    10.14369     1.00000
  30   32    22.68900     1.00000
  30   33    42.45112     1.00000
  30   34    51.51460     1.00000
  30   35    47.13533     1.00000
  30   36    48.98269     1.00000
  30   37    38.60159     1.00000
  30   38    44.26347     1.00000
  30   39    30.96827     1.00000
  30   40    28.95429     1.00000
  31   32    18.00486     1.00000
  31   33    36.73968     1.00000
  31   34    47.70922     1.00000
  31   35    43.84089     1.00000
  31   36    44.20486     1.00000
  31   37    34.12019     1.00000
  31   38    39.18167     1.00000
  31   39    26.40938     1.00000
  31   40    27.21234     1.00000
  32   33    19.82705     1.00000
  32   34    29.78598     1.00000
  32   35    26.83025     1.00000
  32   36    26.84175     1.00000
  32   37    16.43952     1.00000
  32   38    23.48938     1.00000
  32   39    11.11722     1.00000
  32   40    11.30490     1.00000
  33   34    13.87483     1.00000
  33   35    15.14654     1.00000
  33   36     9.17696     1.00000
  33   37     6.50609     1.00000
  33   38    11.39938     1.00000
  33   39    14.61399     1.00000
  33   40    18.60341     1.00000
  34   35    11.30466     1.00000
  34   36     7.72147     1.00000
  34   37    13.96742     1.00000
  34   38    16.82792     1.00000
  34   39    23.81077     1.00000
  34   40    23.56034     1.00000
  35   36     8.95525     1.00000
  35   37    12.21332     1.00000
  35   38    10.11014     1.00000
  35   39    17.87413     1.00000
  35   40    18.96799     1.00000
  36   37    10.55952     1.00000
  36   38     9.81663     1.00000
  36   39    19.19563     1.00000
  36   40    21.99692     1.00000
  37   38    10.83878     1.00000
  37   39    10.45773     1.00000
  37   40    12.54857     1.00000
  38   39    13.34717     1.00000
  38   40    19.55586     1.00000
  39   40     9.94176     1.00000
